  191
MB          	0.000000	0.453125	0.466216	0.466216	0.466216	0.459459	0.466216	0.459459	0.479730	0.452703	0.486486	0.486486	0.445946	0.472973	0.493243	0.506757	0.466216	0.486486	0.466216	0.486486	0.459459	0.466216	0.486486	0.466216	0.486486	0.459459	0.472973	0.486486	0.459459	0.472973	0.486486	0.479730	0.486486	0.466216	0.472973	0.472973	0.472973	0.472973	0.459459	0.439189	0.472973	0.459459	0.472973	0.486486	0.466216	0.466216	0.459459	0.466216	0.466216	0.459459	0.479730	0.472973	0.466216	0.466216	0.472973	0.466216	0.466216	0.466216	0.472973	0.459459	0.479730	0.466216	0.472973	0.479730	0.472973	0.479730	0.472973	0.466216	0.472973	0.472973	0.486486	0.472973	0.472973	0.472973	0.466216	0.466216	0.472973	0.472973	0.472973	0.479730	0.452703	0.479730	0.479730	0.479730	0.472973	0.479730	0.472973	0.472973	0.472973	0.472973	0.472973	0.472973	0.466216	0.472973	0.472973	0.500000	0.472973	0.479730	0.472973	0.472973	0.472973	0.466216	0.466216	0.459459	0.466216	0.472973	0.459459	0.452703	0.486486	0.479730	0.486486	0.472973	0.459459	0.472973	0.479730	0.472973	0.486486	0.472973	0.472973	0.472973	0.472973	0.472973	0.472973	0.472973	0.472973	0.472973	0.472973	0.472973	0.472973	0.479730	0.472973	0.472973	0.479730	0.472973	0.472973	0.479730	0.472973	0.472973	0.472973	0.479730	0.472973	0.472973	0.472973	0.472973	0.472973	0.486486	0.472973	0.472973	0.472973	0.472973	0.472973	0.472973	0.472973	0.472973	0.472973	0.472973	0.472973	0.472973	0.472973	0.439189	0.472973	0.479730	0.466216	0.472973	0.472973	0.472973	0.472973	0.472973	0.472973	0.479730	0.472973	0.472973	0.459459	0.472973	0.472973	0.466216	0.493243	0.418919	0.472973	0.466216	0.472973	0.479730	0.479730	0.472973	0.472973	0.486486	0.445946	0.472973	0.445946	0.425676	0.472973
MF          	0.453125	0.000000	0.468750	0.468750	0.468750	0.468750	0.468750	0.484375	0.468750	0.453125	0.437500	0.437500	0.437500	0.468750	0.437500	0.468750	0.468750	0.437500	0.468750	0.437500	0.468750	0.468750	0.437500	0.468750	0.437500	0.468750	0.468750	0.437500	0.453125	0.468750	0.468750	0.453125	0.468750	0.484375	0.468750	0.468750	0.468750	0.468750	0.453125	0.406250	0.468750	0.484375	0.468750	0.437500	0.468750	0.468750	0.468750	0.468750	0.468750	0.468750	0.468750	0.468750	0.468750	0.468750	0.468750	0.468750	0.468750	0.468750	0.468750	0.468750	0.484375	0.468750	0.468750	0.468750	0.468750	0.421875	0.468750	0.453125	0.468750	0.468750	0.437500	0.468750	0.468750	0.468750	0.515625	0.500000	0.500000	0.468750	0.468750	0.500000	0.484375	0.468750	0.453125	0.468750	0.468750	0.468750	0.468750	0.468750	0.468750	0.468750	0.468750	0.468750	0.468750	0.468750	0.468750	0.468750	0.468750	0.500000	0.468750	0.468750	0.515625	0.468750	0.468750	0.453125	0.453125	0.437500	0.453125	0.453125	0.468750	0.468750	0.468750	0.468750	0.468750	0.468750	0.468750	0.468750	0.468750	0.468750	0.468750	0.468750	0.468750	0.468750	0.468750	0.468750	0.468750	0.468750	0.468750	0.468750	0.468750	0.468750	0.468750	0.468750	0.468750	0.468750	0.468750	0.468750	0.468750	0.468750	0.468750	0.468750	0.468750	0.468750	0.468750	0.468750	0.468750	0.468750	0.468750	0.468750	0.468750	0.468750	0.468750	0.468750	0.468750	0.468750	0.468750	0.468750	0.468750	0.468750	0.468750	0.437500	0.468750	0.468750	0.468750	0.468750	0.468750	0.468750	0.468750	0.468750	0.468750	0.468750	0.468750	0.468750	0.453125	0.468750	0.468750	0.468750	0.437500	0.406250	0.468750	0.468750	0.468750	0.468750	0.437500	0.468750	0.468750	0.468750	0.468750	0.437500	0.453125	0.500000	0.468750
S001        	0.466216	0.468750	0.000000	0.009146	0.003049	0.021341	0.009146	0.213415	0.030488	0.030488	0.067901	0.055901	0.150000	0.018293	0.055901	0.073171	0.006098	0.062112	0.009146	0.057927	0.027439	0.009146	0.059375	0.015244	0.074194	0.021341	0.024390	0.060976	0.158537	0.021341	0.033537	0.027439	0.027439	0.024390	0.027439	0.021341	0.021341	0.021341	0.152439	0.162577	0.024390	0.021341	0.033537	0.070122	0.006098	0.012195	0.021341	0.021472	0.012195	0.027439	0.027607	0.027778	0.030488	0.015244	0.024540	0.033537	0.009146	0.015244	0.025157	0.030488	0.024390	0.024390	0.021341	0.040373	0.051829	0.059006	0.021341	0.033537	0.021341	0.024540	0.062112	0.021341	0.021341	0.021341	0.174847	0.181818	0.189873	0.027439	0.033537	0.192073	0.138037	0.012195	0.030488	0.027439	0.027439	0.012195	0.021341	0.021341	0.024390	0.021341	0.021341	0.018293	0.027439	0.021341	0.021341	0.085366	0.033537	0.195122	0.021341	0.021341	0.201863	0.006098	0.033537	0.167683	0.151613	0.161585	0.158537	0.158385	0.036585	0.042683	0.036585	0.042683	0.033537	0.021341	0.006098	0.024390	0.030488	0.021341	0.021341	0.021341	0.021341	0.021341	0.021341	0.021341	0.024390	0.021341	0.021341	0.030488	0.021341	0.009146	0.021472	0.021341	0.009146	0.021341	0.021341	0.009146	0.030488	0.021341	0.021341	0.015244	0.027439	0.021341	0.024390	0.015244	0.021341	0.027439	0.015244	0.021341	0.021341	0.021341	0.021341	0.021341	0.024390	0.021341	0.021341	0.021341	0.021341	0.021341	0.021341	0.155488	0.021341	0.033537	0.024390	0.021341	0.027439	0.021341	0.021472	0.021341	0.024390	0.012195	0.027439	0.021341	0.172297	0.021341	0.021341	0.024390	0.066038	0.154321	0.051829	0.018293	0.027607	0.043210	0.080645	0.065217	0.027439	0.045732	0.076220	0.131250	0.098101	0.067073	0.024390
S002        	0.466216	0.468750	0.009146	0.000000	0.006098	0.012195	0.012195	0.216463	0.021341	0.021341	0.058642	0.049689	0.146875	0.015244	0.049689	0.070122	0.003049	0.055901	0.012195	0.048780	0.018293	0.006098	0.053125	0.006098	0.067742	0.012195	0.015244	0.057927	0.155488	0.012195	0.024390	0.018293	0.018293	0.015244	0.018293	0.012195	0.012195	0.012195	0.149390	0.159509	0.015244	0.024390	0.024390	0.067073	0.003049	0.009146	0.012195	0.012270	0.009146	0.018293	0.018405	0.018519	0.021341	0.012195	0.015337	0.024390	0.012195	0.012195	0.018868	0.021341	0.015244	0.015244	0.012195	0.034161	0.042683	0.052795	0.012195	0.024390	0.012195	0.015337	0.055901	0.012195	0.012195	0.012195	0.177914	0.178571	0.186709	0.018293	0.024390	0.189024	0.138037	0.009146	0.027439	0.018293	0.018293	0.009146	0.012195	0.012195	0.015244	0.012195	0.012195	0.015244	0.018293	0.012195	0.012195	0.076220	0.024390	0.192073	0.012195	0.012195	0.198758	0.003049	0.036585	0.164634	0.148387	0.158537	0.155488	0.155280	0.027439	0.033537	0.027439	0.033537	0.024390	0.012195	0.015244	0.015244	0.021341	0.012195	0.012195	0.012195	0.012195	0.012195	0.012195	0.012195	0.015244	0.012195	0.012195	0.021341	0.012195	0.012195	0.012270	0.012195	0.012195	0.012195	0.012195	0.012195	0.021341	0.012195	0.012195	0.006098	0.018293	0.012195	0.015244	0.012195	0.012195	0.018293	0.018293	0.012195	0.012195	0.012195	0.012195	0.012195	0.015244	0.012195	0.012195	0.012195	0.012195	0.012195	0.012195	0.152439	0.012195	0.024390	0.015244	0.012195	0.018293	0.012195	0.012270	0.012195	0.015244	0.015244	0.018293	0.012195	0.168919	0.012195	0.012195	0.015244	0.059748	0.151235	0.048780	0.009146	0.018405	0.033951	0.074194	0.055901	0.024390	0.036585	0.073171	0.131250	0.094937	0.064024	0.015244
S003        	0.466216	0.468750	0.003049	0.006098	0.000000	0.018293	0.012195	0.216463	0.027439	0.027439	0.064815	0.052795	0.153125	0.015244	0.052795	0.070122	0.003049	0.059006	0.006098	0.054878	0.024390	0.006098	0.056250	0.012195	0.070968	0.018293	0.021341	0.057927	0.161585	0.018293	0.030488	0.024390	0.024390	0.021341	0.024390	0.018293	0.018293	0.018293	0.155488	0.165644	0.021341	0.018293	0.030488	0.073171	0.003049	0.009146	0.018293	0.018405	0.009146	0.024390	0.024540	0.024691	0.027439	0.012195	0.021472	0.030488	0.006098	0.012195	0.022013	0.027439	0.021341	0.021341	0.018293	0.037267	0.048780	0.055901	0.018293	0.030488	0.018293	0.021472	0.059006	0.018293	0.018293	0.018293	0.177914	0.185065	0.193038	0.024390	0.030488	0.195122	0.141104	0.009146	0.027439	0.024390	0.024390	0.009146	0.018293	0.018293	0.021341	0.018293	0.018293	0.021341	0.024390	0.018293	0.018293	0.082317	0.030488	0.198171	0.018293	0.018293	0.204969	0.003049	0.036585	0.170732	0.154839	0.164634	0.161585	0.161491	0.033537	0.039634	0.033537	0.039634	0.030488	0.018293	0.009146	0.021341	0.027439	0.018293	0.018293	0.018293	0.018293	0.018293	0.018293	0.018293	0.021341	0.018293	0.018293	0.027439	0.018293	0.012195	0.018405	0.018293	0.012195	0.018293	0.018293	0.012195	0.027439	0.018293	0.018293	0.012195	0.024390	0.018293	0.021341	0.012195	0.018293	0.024390	0.018293	0.018293	0.018293	0.018293	0.018293	0.018293	0.021341	0.018293	0.018293	0.018293	0.018293	0.018293	0.018293	0.158537	0.018293	0.030488	0.021341	0.018293	0.024390	0.018293	0.018405	0.018293	0.021341	0.015244	0.024390	0.018293	0.175676	0.018293	0.018293	0.021341	0.062893	0.157407	0.054878	0.015244	0.024540	0.040123	0.077419	0.062112	0.030488	0.042683	0.079268	0.134375	0.101266	0.070122	0.021341
S004        	0.459459	0.468750	0.021341	0.012195	0.018293	0.000000	0.012195	0.210366	0.021341	0.021341	0.058642	0.049689	0.140625	0.021341	0.049689	0.082317	0.015244	0.055901	0.018293	0.048780	0.018293	0.018293	0.053125	0.006098	0.061290	0.000000	0.015244	0.057927	0.164634	0.012195	0.024390	0.018293	0.018293	0.015244	0.018293	0.012195	0.012195	0.012195	0.158537	0.171779	0.015244	0.036585	0.018293	0.067073	0.015244	0.009146	0.000000	0.012270	0.009146	0.006098	0.018405	0.018519	0.015244	0.012195	0.015337	0.024390	0.024390	0.024390	0.018868	0.021341	0.015244	0.015244	0.012195	0.034161	0.042683	0.052795	0.012195	0.024390	0.012195	0.015337	0.055901	0.012195	0.012195	0.012195	0.184049	0.185065	0.186709	0.024390	0.024390	0.189024	0.138037	0.021341	0.039634	0.018293	0.018293	0.021341	0.012195	0.012195	0.015244	0.012195	0.012195	0.015244	0.018293	0.012195	0.012195	0.076220	0.024390	0.192073	0.012195	0.012195	0.192547	0.015244	0.042683	0.173780	0.145161	0.170732	0.167683	0.149068	0.027439	0.033537	0.027439	0.033537	0.012195	0.012195	0.027439	0.015244	0.021341	0.012195	0.012195	0.012195	0.012195	0.012195	0.012195	0.012195	0.015244	0.012195	0.012195	0.021341	0.012195	0.024390	0.012270	0.012195	0.024390	0.012195	0.012195	0.024390	0.021341	0.012195	0.012195	0.018293	0.018293	0.012195	0.015244	0.018293	0.012195	0.018293	0.018293	0.012195	0.012195	0.012195	0.012195	0.012195	0.015244	0.012195	0.012195	0.012195	0.012195	0.012195	0.012195	0.161585	0.012195	0.024390	0.015244	0.012195	0.018293	0.012195	0.012270	0.012195	0.015244	0.027439	0.018293	0.012195	0.179054	0.012195	0.012195	0.015244	0.059748	0.157407	0.060976	0.009146	0.018405	0.033951	0.067742	0.068323	0.024390	0.036585	0.073171	0.143750	0.107595	0.064024	0.027439
S005        	0.466216	0.468750	0.009146	0.012195	0.012195	0.012195	0.000000	0.210366	0.033537	0.033537	0.070988	0.059006	0.146875	0.021341	0.059006	0.076220	0.015244	0.065217	0.012195	0.060976	0.030488	0.018293	0.062500	0.006098	0.070968	0.012195	0.027439	0.064024	0.158537	0.024390	0.036585	0.030488	0.030488	0.027439	0.030488	0.024390	0.024390	0.024390	0.152439	0.165644	0.027439	0.030488	0.030488	0.073171	0.009146	0.003049	0.012195	0.012270	0.009146	0.018293	0.030675	0.030864	0.027439	0.012195	0.027607	0.036585	0.018293	0.018293	0.028302	0.033537	0.027439	0.027439	0.024390	0.043478	0.054878	0.062112	0.024390	0.036585	0.024390	0.027607	0.065217	0.024390	0.024390	0.024390	0.171779	0.178571	0.193038	0.030488	0.036585	0.195122	0.141104	0.021341	0.039634	0.030488	0.030488	0.015244	0.024390	0.024390	0.027439	0.024390	0.024390	0.021341	0.030488	0.024390	0.024390	0.088415	0.036585	0.198171	0.024390	0.024390	0.198758	0.015244	0.030488	0.167683	0.151613	0.164634	0.161585	0.155280	0.039634	0.045732	0.039634	0.045732	0.024390	0.024390	0.015244	0.027439	0.033537	0.024390	0.024390	0.024390	0.024390	0.024390	0.024390	0.024390	0.027439	0.024390	0.024390	0.033537	0.024390	0.018293	0.024540	0.024390	0.012195	0.024390	0.024390	0.012195	0.033537	0.024390	0.024390	0.018293	0.030488	0.024390	0.027439	0.024390	0.024390	0.030488	0.018293	0.024390	0.024390	0.024390	0.024390	0.024390	0.027439	0.024390	0.024390	0.024390	0.024390	0.024390	0.024390	0.155488	0.024390	0.036585	0.027439	0.024390	0.030488	0.024390	0.024540	0.024390	0.027439	0.015244	0.030488	0.024390	0.172297	0.024390	0.024390	0.027439	0.069182	0.151235	0.054878	0.009146	0.030675	0.046296	0.077419	0.068323	0.030488	0.048780	0.079268	0.134375	0.101266	0.070122	0.027439
S006        	0.459459	0.484375	0.213415	0.216463	0.216463	0.210366	0.210366	0.000000	0.219512	0.201220	0.225309	0.226708	0.131250	0.216463	0.226708	0.256098	0.219512	0.232919	0.219512	0.228659	0.210366	0.216463	0.228125	0.216463	0.216129	0.210366	0.219512	0.231707	0.152439	0.216463	0.228659	0.222561	0.222561	0.219512	0.222561	0.216463	0.216463	0.216463	0.140244	0.153374	0.219512	0.216463	0.219512	0.222561	0.213415	0.213415	0.210366	0.223926	0.219512	0.216463	0.223926	0.222222	0.222561	0.222561	0.220859	0.210366	0.216463	0.216463	0.216981	0.207317	0.219512	0.219512	0.216463	0.223602	0.222561	0.223602	0.216463	0.216463	0.216463	0.214724	0.232919	0.216463	0.216463	0.216463	0.058282	0.087662	0.085443	0.222561	0.216463	0.085366	0.128834	0.225610	0.231707	0.222561	0.210366	0.219512	0.216463	0.216463	0.213415	0.216463	0.216463	0.213415	0.222561	0.216463	0.216463	0.256098	0.204268	0.070122	0.216463	0.216463	0.083851	0.219512	0.225610	0.149390	0.132258	0.149390	0.158537	0.086957	0.219512	0.219512	0.219512	0.213415	0.210366	0.216463	0.219512	0.213415	0.225610	0.216463	0.216463	0.216463	0.216463	0.216463	0.216463	0.216463	0.213415	0.216463	0.216463	0.207317	0.216463	0.222561	0.217791	0.216463	0.216463	0.216463	0.216463	0.216463	0.213415	0.216463	0.216463	0.222561	0.210366	0.216463	0.219512	0.222561	0.216463	0.222561	0.210366	0.216463	0.216463	0.216463	0.216463	0.216463	0.219512	0.216463	0.216463	0.216463	0.216463	0.216463	0.216463	0.161585	0.216463	0.222561	0.213415	0.216463	0.222561	0.216463	0.211656	0.216463	0.219512	0.213415	0.210366	0.216463	0.145270	0.216463	0.216463	0.219512	0.220126	0.141975	0.228659	0.213415	0.223926	0.228395	0.222581	0.239130	0.222561	0.234756	0.228659	0.175000	0.215190	0.225610	0.225610
S007        	0.479730	0.468750	0.030488	0.021341	0.027439	0.021341	0.033537	0.219512	0.000000	0.030488	0.061728	0.059006	0.156250	0.030488	0.059006	0.091463	0.024390	0.065217	0.033537	0.057927	0.021341	0.027439	0.062500	0.027439	0.064516	0.021341	0.012195	0.067073	0.176829	0.009146	0.015244	0.015244	0.009146	0.012195	0.015244	0.009146	0.009146	0.009146	0.170732	0.180982	0.012195	0.027439	0.021341	0.076220	0.024390	0.030488	0.021341	0.033742	0.030488	0.027439	0.015337	0.015432	0.024390	0.033537	0.012270	0.027439	0.033537	0.033537	0.015723	0.030488	0.012195	0.012195	0.009146	0.037267	0.051829	0.062112	0.009146	0.027439	0.009146	0.012270	0.059006	0.009146	0.009146	0.009146	0.199387	0.201299	0.196203	0.021341	0.021341	0.198171	0.147239	0.018293	0.042683	0.015244	0.015244	0.018293	0.009146	0.009146	0.012195	0.009146	0.009146	0.012195	0.015244	0.009146	0.009146	0.085366	0.015244	0.201220	0.009146	0.009146	0.208075	0.024390	0.057927	0.185976	0.158065	0.179878	0.176829	0.164596	0.012195	0.018293	0.012195	0.024390	0.021341	0.009146	0.024390	0.012195	0.018293	0.009146	0.009146	0.009146	0.009146	0.009146	0.009146	0.009146	0.012195	0.009146	0.009146	0.018293	0.009146	0.021341	0.009202	0.009146	0.021341	0.009146	0.009146	0.021341	0.018293	0.009146	0.009146	0.015244	0.015244	0.009146	0.006098	0.015244	0.009146	0.015244	0.015244	0.009146	0.009146	0.009146	0.009146	0.009146	0.012195	0.009146	0.009146	0.009146	0.009146	0.009146	0.009146	0.173780	0.009146	0.021341	0.012195	0.009146	0.015244	0.009146	0.009202	0.009146	0.012195	0.024390	0.015244	0.009146	0.192568	0.009146	0.009146	0.012195	0.069182	0.172840	0.057927	0.030488	0.015337	0.030864	0.077419	0.077640	0.021341	0.027439	0.064024	0.153125	0.104430	0.067073	0.024390
S008        	0.452703	0.453125	0.030488	0.021341	0.027439	0.021341	0.033537	0.201220	0.030488	0.000000	0.061728	0.059006	0.137500	0.036585	0.059006	0.091463	0.024390	0.059006	0.033537	0.057927	0.027439	0.027439	0.059375	0.027439	0.067742	0.021341	0.024390	0.060976	0.164634	0.021341	0.033537	0.027439	0.027439	0.024390	0.027439	0.021341	0.021341	0.021341	0.146341	0.168712	0.024390	0.045732	0.021341	0.070122	0.024390	0.030488	0.021341	0.027607	0.030488	0.021341	0.027607	0.027778	0.024390	0.033537	0.024540	0.033537	0.033537	0.033537	0.025157	0.030488	0.024390	0.024390	0.021341	0.043478	0.051829	0.062112	0.021341	0.033537	0.021341	0.024540	0.065217	0.021341	0.021341	0.021341	0.180982	0.172078	0.186709	0.033537	0.033537	0.189024	0.125767	0.030488	0.048780	0.027439	0.027439	0.030488	0.021341	0.021341	0.024390	0.021341	0.021341	0.024390	0.027439	0.021341	0.021341	0.085366	0.027439	0.192073	0.021341	0.021341	0.201863	0.024390	0.051829	0.173780	0.138710	0.167683	0.164634	0.152174	0.036585	0.042683	0.030488	0.042683	0.033537	0.021341	0.036585	0.024390	0.030488	0.021341	0.021341	0.021341	0.021341	0.021341	0.021341	0.021341	0.024390	0.021341	0.021341	0.030488	0.021341	0.033537	0.021472	0.021341	0.033537	0.021341	0.021341	0.033537	0.030488	0.021341	0.021341	0.027439	0.027439	0.021341	0.024390	0.027439	0.021341	0.027439	0.027439	0.021341	0.021341	0.021341	0.021341	0.021341	0.024390	0.021341	0.021341	0.021341	0.021341	0.021341	0.021341	0.161585	0.021341	0.033537	0.024390	0.021341	0.027439	0.021341	0.021472	0.021341	0.024390	0.036585	0.027439	0.021341	0.165541	0.021341	0.021341	0.024390	0.059748	0.154321	0.045732	0.030488	0.027607	0.043210	0.080645	0.077640	0.033537	0.045732	0.064024	0.146875	0.110759	0.073171	0.036585
S009        	0.486486	0.437500	0.067901	0.058642	0.064815	0.058642	0.070988	0.225309	0.061728	0.061728	0.000000	0.009317	0.167722	0.074074	0.015528	0.080247	0.061728	0.009317	0.067901	0.009259	0.052469	0.064815	0.012500	0.064815	0.012903	0.058642	0.061728	0.012346	0.191358	0.058642	0.070988	0.064815	0.064815	0.061728	0.064815	0.058642	0.058642	0.058642	0.179012	0.192547	0.061728	0.077160	0.064815	0.027778	0.061728	0.067901	0.058642	0.065217	0.067901	0.058642	0.064815	0.064815	0.061728	0.070988	0.061728	0.058642	0.070988	0.070988	0.066038	0.061728	0.061728	0.061728	0.058642	0.037267	0.040123	0.018634	0.058642	0.046296	0.058642	0.062112	0.015528	0.058642	0.058642	0.058642	0.220497	0.210526	0.211538	0.070988	0.070988	0.212963	0.130435	0.067901	0.043210	0.064815	0.064815	0.067901	0.058642	0.058642	0.061728	0.058642	0.058642	0.061728	0.064815	0.058642	0.058642	0.070988	0.058642	0.212963	0.058642	0.058642	0.220126	0.061728	0.064815	0.194444	0.160131	0.188272	0.185185	0.179245	0.067901	0.067901	0.061728	0.058642	0.064815	0.058642	0.074074	0.061728	0.064815	0.058642	0.058642	0.058642	0.058642	0.058642	0.058642	0.058642	0.061728	0.058642	0.058642	0.067901	0.058642	0.070988	0.059006	0.058642	0.070988	0.058642	0.058642	0.070988	0.067901	0.058642	0.058642	0.064815	0.064815	0.058642	0.061728	0.064815	0.058642	0.064815	0.064815	0.058642	0.058642	0.058642	0.058642	0.058642	0.061728	0.058642	0.058642	0.058642	0.058642	0.058642	0.058642	0.182099	0.058642	0.070988	0.061728	0.058642	0.064815	0.058642	0.059006	0.058642	0.061728	0.074074	0.064815	0.058642	0.198630	0.058642	0.058642	0.061728	0.018868	0.187500	0.101852	0.067901	0.064815	0.080745	0.032258	0.066038	0.070988	0.083333	0.114198	0.161392	0.143312	0.104938	0.074074
S010        	0.486486	0.437500	0.055901	0.049689	0.052795	0.049689	0.059006	0.226708	0.059006	0.059006	0.009317	0.000000	0.159236	0.065217	0.006211	0.068323	0.052795	0.006211	0.055901	0.000000	0.043478	0.055901	0.003125	0.055901	0.016129	0.049689	0.052795	0.003106	0.183230	0.049689	0.062112	0.055901	0.055901	0.052795	0.055901	0.049689	0.049689	0.049689	0.177019	0.184375	0.052795	0.071429	0.062112	0.018634	0.049689	0.055901	0.049689	0.062500	0.059006	0.055901	0.055901	0.055901	0.059006	0.062112	0.052795	0.062112	0.059006	0.059006	0.056604	0.059006	0.052795	0.052795	0.049689	0.027950	0.031056	0.009317	0.049689	0.037267	0.049689	0.053125	0.006211	0.049689	0.049689	0.049689	0.209375	0.215232	0.203226	0.062112	0.062112	0.204969	0.127329	0.059006	0.034161	0.055901	0.055901	0.055901	0.049689	0.049689	0.052795	0.049689	0.049689	0.052795	0.055901	0.049689	0.049689	0.062112	0.062112	0.204969	0.049689	0.049689	0.212025	0.052795	0.059006	0.192547	0.157895	0.186335	0.183230	0.170886	0.065217	0.071429	0.065217	0.062112	0.062112	0.049689	0.062112	0.052795	0.055901	0.049689	0.049689	0.049689	0.049689	0.049689	0.049689	0.049689	0.052795	0.049689	0.049689	0.059006	0.049689	0.062112	0.050000	0.049689	0.059006	0.049689	0.049689	0.059006	0.059006	0.049689	0.049689	0.055901	0.055901	0.049689	0.052795	0.055901	0.049689	0.055901	0.052795	0.049689	0.049689	0.049689	0.049689	0.049689	0.052795	0.049689	0.049689	0.049689	0.049689	0.049689	0.049689	0.180124	0.049689	0.062112	0.052795	0.049689	0.055901	0.049689	0.050000	0.049689	0.052795	0.062112	0.055901	0.049689	0.189655	0.049689	0.049689	0.052795	0.015723	0.179245	0.099379	0.059006	0.055901	0.071875	0.022581	0.056962	0.062112	0.074534	0.105590	0.151899	0.134615	0.096273	0.065217
S011        	0.445946	0.437500	0.150000	0.146875	0.153125	0.140625	0.146875	0.131250	0.156250	0.137500	0.167722	0.159236	0.000000	0.153125	0.159236	0.193750	0.150000	0.159236	0.156250	0.159375	0.140625	0.146875	0.157051	0.146875	0.158940	0.140625	0.150000	0.168750	0.050000	0.146875	0.159375	0.153125	0.153125	0.150000	0.153125	0.146875	0.146875	0.146875	0.056250	0.066038	0.143750	0.159375	0.143750	0.159375	0.150000	0.150000	0.140625	0.154088	0.150000	0.146875	0.154088	0.151899	0.146875	0.153125	0.150943	0.159375	0.153125	0.146875	0.151613	0.150000	0.150000	0.150000	0.146875	0.156051	0.153125	0.156051	0.146875	0.146875	0.146875	0.150943	0.162420	0.146875	0.146875	0.146875	0.135220	0.139610	0.161392	0.153125	0.159375	0.146875	0.157233	0.156250	0.162500	0.146875	0.146875	0.156250	0.146875	0.146875	0.143750	0.146875	0.146875	0.143750	0.153125	0.146875	0.146875	0.187500	0.153125	0.131250	0.146875	0.146875	0.130573	0.150000	0.162500	0.046875	0.055556	0.071875	0.062500	0.085987	0.156250	0.168750	0.162500	0.162500	0.146875	0.146875	0.156250	0.150000	0.156250	0.146875	0.146875	0.146875	0.146875	0.146875	0.146875	0.146875	0.150000	0.146875	0.146875	0.150000	0.146875	0.153125	0.147799	0.146875	0.153125	0.146875	0.146875	0.153125	0.150000	0.146875	0.146875	0.153125	0.146875	0.146875	0.150000	0.153125	0.146875	0.153125	0.146875	0.146875	0.146875	0.146875	0.146875	0.146875	0.150000	0.146875	0.146875	0.146875	0.146875	0.146875	0.146875	0.078125	0.146875	0.159375	0.143750	0.146875	0.153125	0.146875	0.141509	0.146875	0.150000	0.150000	0.146875	0.146875	0.057432	0.146875	0.146875	0.150000	0.161290	0.037975	0.146875	0.143750	0.154088	0.163522	0.155629	0.162420	0.153125	0.165625	0.159375	0.101911	0.144231	0.162500	0.153125
S012        	0.472973	0.468750	0.018293	0.015244	0.015244	0.021341	0.021341	0.216463	0.030488	0.036585	0.074074	0.065217	0.153125	0.000000	0.065217	0.085366	0.012195	0.071429	0.015244	0.064024	0.033537	0.015244	0.068750	0.015244	0.080645	0.021341	0.024390	0.073171	0.155488	0.021341	0.033537	0.027439	0.027439	0.024390	0.027439	0.021341	0.021341	0.021341	0.149390	0.162577	0.024390	0.027439	0.027439	0.082317	0.018293	0.018293	0.021341	0.021472	0.012195	0.027439	0.027607	0.027778	0.024390	0.015244	0.024540	0.039634	0.015244	0.027439	0.028302	0.024390	0.024390	0.024390	0.021341	0.043478	0.057927	0.068323	0.021341	0.033537	0.021341	0.018405	0.071429	0.021341	0.021341	0.021341	0.177914	0.178571	0.189873	0.027439	0.027439	0.192073	0.141104	0.012195	0.030488	0.027439	0.015244	0.018293	0.021341	0.021341	0.024390	0.021341	0.021341	0.024390	0.027439	0.021341	0.021341	0.091463	0.033537	0.195122	0.021341	0.021341	0.198758	0.012195	0.045732	0.164634	0.154839	0.161585	0.158537	0.158385	0.036585	0.042683	0.036585	0.042683	0.033537	0.021341	0.018293	0.018293	0.030488	0.021341	0.021341	0.021341	0.021341	0.021341	0.021341	0.021341	0.018293	0.021341	0.021341	0.018293	0.021341	0.015244	0.021472	0.021341	0.021341	0.021341	0.021341	0.021341	0.018293	0.021341	0.021341	0.015244	0.015244	0.021341	0.024390	0.015244	0.021341	0.027439	0.027439	0.021341	0.021341	0.021341	0.021341	0.021341	0.024390	0.021341	0.021341	0.021341	0.021341	0.021341	0.021341	0.152439	0.021341	0.027439	0.024390	0.021341	0.027439	0.021341	0.018405	0.021341	0.024390	0.024390	0.015244	0.021341	0.175676	0.021341	0.021341	0.024390	0.062893	0.154321	0.057927	0.018293	0.027607	0.043210	0.087097	0.071429	0.033537	0.045732	0.082317	0.140625	0.098101	0.073171	0.024390
S013        	0.493243	0.437500	0.055901	0.049689	0.052795	0.049689	0.059006	0.226708	0.059006	0.059006	0.015528	0.006211	0.159236	0.065217	0.000000	0.074534	0.052795	0.012422	0.055901	0.006211	0.043478	0.055901	0.009375	0.055901	0.022581	0.049689	0.052795	0.009317	0.183230	0.049689	0.062112	0.055901	0.055901	0.052795	0.055901	0.049689	0.049689	0.049689	0.177019	0.184375	0.052795	0.071429	0.062112	0.024845	0.049689	0.055901	0.049689	0.062500	0.059006	0.055901	0.049689	0.055901	0.059006	0.062112	0.052795	0.055901	0.059006	0.059006	0.056604	0.059006	0.052795	0.052795	0.049689	0.027950	0.037267	0.015528	0.049689	0.037267	0.049689	0.053125	0.012422	0.049689	0.049689	0.049689	0.209375	0.215232	0.203226	0.062112	0.062112	0.204969	0.127329	0.059006	0.034161	0.049689	0.055901	0.055901	0.049689	0.049689	0.052795	0.049689	0.049689	0.052795	0.055901	0.049689	0.049689	0.068323	0.062112	0.204969	0.049689	0.049689	0.205696	0.052795	0.052795	0.186335	0.157895	0.186335	0.183230	0.170886	0.065217	0.071429	0.065217	0.062112	0.062112	0.049689	0.062112	0.052795	0.055901	0.049689	0.049689	0.049689	0.049689	0.049689	0.049689	0.049689	0.052795	0.049689	0.049689	0.059006	0.049689	0.062112	0.050000	0.049689	0.059006	0.049689	0.049689	0.059006	0.059006	0.049689	0.049689	0.055901	0.055901	0.049689	0.052795	0.055901	0.049689	0.055901	0.052795	0.049689	0.049689	0.049689	0.049689	0.049689	0.052795	0.049689	0.049689	0.049689	0.049689	0.049689	0.049689	0.180124	0.049689	0.062112	0.052795	0.049689	0.055901	0.049689	0.050000	0.049689	0.052795	0.062112	0.055901	0.049689	0.189655	0.049689	0.049689	0.052795	0.015723	0.179245	0.099379	0.059006	0.055901	0.071875	0.029032	0.063291	0.062112	0.074534	0.105590	0.145570	0.134615	0.096273	0.065217
S014        	0.506757	0.468750	0.073171	0.070122	0.070122	0.082317	0.076220	0.256098	0.091463	0.091463	0.080247	0.068323	0.193750	0.085366	0.074534	0.000000	0.073171	0.074534	0.076220	0.070122	0.076220	0.076220	0.071875	0.076220	0.087097	0.082317	0.085366	0.073171	0.201220	0.082317	0.094512	0.082317	0.088415	0.085366	0.088415	0.082317	0.082317	0.082317	0.195122	0.205521	0.085366	0.088415	0.094512	0.088415	0.067073	0.073171	0.082317	0.082822	0.079268	0.088415	0.088957	0.089506	0.091463	0.082317	0.085890	0.094512	0.076220	0.076220	0.088050	0.091463	0.085366	0.085366	0.082317	0.077640	0.064024	0.071429	0.082317	0.070122	0.082317	0.085890	0.074534	0.082317	0.082317	0.082317	0.223926	0.233766	0.234177	0.088415	0.094512	0.234756	0.174847	0.079268	0.073171	0.088415	0.088415	0.073171	0.082317	0.082317	0.085366	0.082317	0.082317	0.085366	0.088415	0.082317	0.082317	0.012195	0.094512	0.237805	0.082317	0.082317	0.245342	0.073171	0.076220	0.210366	0.177419	0.198171	0.201220	0.201863	0.097561	0.103659	0.097561	0.097561	0.094512	0.082317	0.079268	0.085366	0.091463	0.082317	0.082317	0.082317	0.082317	0.082317	0.082317	0.082317	0.085366	0.082317	0.082317	0.091463	0.082317	0.082317	0.082822	0.082317	0.076220	0.082317	0.082317	0.076220	0.091463	0.082317	0.082317	0.076220	0.088415	0.082317	0.085366	0.082317	0.082317	0.088415	0.082317	0.082317	0.082317	0.082317	0.082317	0.082317	0.085366	0.082317	0.082317	0.082317	0.082317	0.082317	0.082317	0.198171	0.082317	0.094512	0.085366	0.082317	0.088415	0.082317	0.082822	0.082317	0.085366	0.079268	0.088415	0.082317	0.212838	0.082317	0.082317	0.085366	0.078616	0.191358	0.118902	0.079268	0.088957	0.104938	0.093548	0.077640	0.094512	0.106707	0.137195	0.175000	0.155063	0.128049	0.085366
S015        	0.466216	0.468750	0.006098	0.003049	0.003049	0.015244	0.015244	0.219512	0.024390	0.024390	0.061728	0.052795	0.150000	0.012195	0.052795	0.073171	0.000000	0.059006	0.009146	0.051829	0.021341	0.003049	0.056250	0.009146	0.070968	0.015244	0.018293	0.060976	0.158537	0.015244	0.027439	0.021341	0.021341	0.018293	0.021341	0.015244	0.015244	0.015244	0.152439	0.162577	0.018293	0.021341	0.027439	0.070122	0.006098	0.012195	0.015244	0.015337	0.006098	0.021341	0.021472	0.021605	0.024390	0.009146	0.018405	0.027439	0.009146	0.015244	0.022013	0.024390	0.018293	0.018293	0.015244	0.037267	0.045732	0.055901	0.015244	0.027439	0.015244	0.018405	0.059006	0.015244	0.015244	0.015244	0.180982	0.181818	0.189873	0.021341	0.027439	0.192073	0.141104	0.006098	0.024390	0.021341	0.021341	0.012195	0.015244	0.015244	0.018293	0.015244	0.015244	0.018293	0.021341	0.015244	0.015244	0.079268	0.027439	0.195122	0.015244	0.015244	0.201863	0.000000	0.039634	0.167683	0.151613	0.161585	0.158537	0.158385	0.030488	0.036585	0.030488	0.036585	0.027439	0.015244	0.012195	0.018293	0.024390	0.015244	0.015244	0.015244	0.015244	0.015244	0.015244	0.015244	0.018293	0.015244	0.015244	0.024390	0.015244	0.009146	0.015337	0.015244	0.015244	0.015244	0.015244	0.015244	0.024390	0.015244	0.015244	0.009146	0.021341	0.015244	0.018293	0.009146	0.015244	0.021341	0.021341	0.015244	0.015244	0.015244	0.015244	0.015244	0.018293	0.015244	0.015244	0.015244	0.015244	0.015244	0.015244	0.155488	0.015244	0.027439	0.018293	0.015244	0.021341	0.015244	0.015337	0.015244	0.018293	0.018293	0.021341	0.015244	0.172297	0.015244	0.015244	0.018293	0.062893	0.154321	0.051829	0.012195	0.021472	0.037037	0.077419	0.059006	0.027439	0.039634	0.076220	0.134375	0.098101	0.067073	0.018293
S016        	0.486486	0.437500	0.062112	0.055901	0.059006	0.055901	0.065217	0.232919	0.065217	0.059006	0.009317	0.006211	0.159236	0.071429	0.012422	0.074534	0.059006	0.000000	0.062112	0.006211	0.049689	0.062112	0.009375	0.062112	0.016129	0.055901	0.059006	0.003106	0.189441	0.055901	0.068323	0.062112	0.062112	0.059006	0.062112	0.055901	0.055901	0.055901	0.183230	0.190625	0.059006	0.077640	0.055901	0.024845	0.055901	0.062112	0.055901	0.062500	0.065217	0.055901	0.062112	0.062112	0.059006	0.068323	0.059006	0.068323	0.065217	0.059006	0.062893	0.065217	0.059006	0.059006	0.055901	0.034161	0.037267	0.015528	0.055901	0.043478	0.055901	0.059375	0.012422	0.055901	0.055901	0.055901	0.215625	0.208609	0.209677	0.062112	0.068323	0.211180	0.127329	0.065217	0.040373	0.055901	0.062112	0.062112	0.055901	0.055901	0.059006	0.055901	0.055901	0.059006	0.062112	0.055901	0.055901	0.068323	0.068323	0.211180	0.055901	0.055901	0.218354	0.059006	0.059006	0.198758	0.164474	0.186335	0.189441	0.177215	0.065217	0.077640	0.065217	0.068323	0.062112	0.055901	0.068323	0.059006	0.062112	0.055901	0.055901	0.055901	0.055901	0.055901	0.055901	0.055901	0.059006	0.055901	0.055901	0.065217	0.055901	0.068323	0.056250	0.055901	0.065217	0.055901	0.055901	0.065217	0.065217	0.055901	0.055901	0.062112	0.062112	0.055901	0.059006	0.062112	0.055901	0.062112	0.059006	0.055901	0.055901	0.055901	0.055901	0.055901	0.059006	0.055901	0.055901	0.055901	0.055901	0.055901	0.055901	0.186335	0.055901	0.068323	0.059006	0.055901	0.062112	0.055901	0.056250	0.055901	0.059006	0.068323	0.062112	0.055901	0.189655	0.055901	0.055901	0.059006	0.015723	0.185535	0.099379	0.065217	0.062112	0.078125	0.029032	0.063291	0.068323	0.080745	0.111801	0.158228	0.141026	0.102484	0.071429
S017        	0.466216	0.468750	0.009146	0.012195	0.006098	0.018293	0.012195	0.219512	0.033537	0.033537	0.067901	0.055901	0.156250	0.015244	0.055901	0.076220	0.009146	0.062112	0.000000	0.060976	0.030488	0.012195	0.059375	0.012195	0.070968	0.018293	0.027439	0.064024	0.164634	0.024390	0.036585	0.030488	0.030488	0.027439	0.030488	0.024390	0.024390	0.024390	0.158537	0.171779	0.027439	0.024390	0.030488	0.079268	0.009146	0.009146	0.018293	0.018405	0.009146	0.024390	0.027607	0.027778	0.027439	0.012195	0.024540	0.036585	0.012195	0.018293	0.025157	0.033537	0.027439	0.027439	0.024390	0.040373	0.054878	0.059006	0.024390	0.036585	0.024390	0.027607	0.062112	0.024390	0.024390	0.024390	0.180982	0.188312	0.199367	0.030488	0.036585	0.201220	0.147239	0.015244	0.033537	0.030488	0.030488	0.015244	0.024390	0.024390	0.027439	0.024390	0.024390	0.027439	0.030488	0.024390	0.024390	0.082317	0.036585	0.204268	0.024390	0.024390	0.208075	0.009146	0.036585	0.173780	0.158065	0.170732	0.167683	0.164596	0.039634	0.045732	0.039634	0.039634	0.030488	0.024390	0.015244	0.027439	0.027439	0.024390	0.024390	0.024390	0.024390	0.024390	0.024390	0.024390	0.027439	0.024390	0.024390	0.033537	0.024390	0.018293	0.024540	0.024390	0.018293	0.024390	0.024390	0.018293	0.033537	0.024390	0.024390	0.018293	0.030488	0.024390	0.027439	0.018293	0.024390	0.030488	0.024390	0.024390	0.024390	0.024390	0.024390	0.024390	0.027439	0.024390	0.024390	0.024390	0.024390	0.024390	0.024390	0.161585	0.024390	0.036585	0.027439	0.024390	0.030488	0.024390	0.024540	0.024390	0.027439	0.021341	0.030488	0.024390	0.179054	0.024390	0.024390	0.027439	0.066038	0.160494	0.060976	0.015244	0.027607	0.043210	0.077419	0.068323	0.036585	0.048780	0.085366	0.134375	0.104430	0.076220	0.027439
S018        	0.486486	0.437500	0.057927	0.048780	0.054878	0.048780	0.060976	0.228659	0.057927	0.057927	0.009259	0.000000	0.159375	0.064024	0.006211	0.070122	0.051829	0.006211	0.060976	0.000000	0.042683	0.054878	0.003125	0.054878	0.016129	0.048780	0.051829	0.009146	0.179878	0.048780	0.060976	0.054878	0.054878	0.051829	0.054878	0.048780	0.048780	0.048780	0.173780	0.184049	0.051829	0.073171	0.060976	0.018293	0.051829	0.057927	0.048780	0.061350	0.057927	0.054878	0.055215	0.055556	0.057927	0.060976	0.052147	0.060976	0.060976	0.060976	0.056604	0.057927	0.051829	0.051829	0.048780	0.027950	0.030488	0.009317	0.048780	0.036585	0.048780	0.052147	0.006211	0.048780	0.048780	0.048780	0.208589	0.211039	0.199367	0.060976	0.060976	0.201220	0.125767	0.057927	0.033537	0.054878	0.054878	0.057927	0.048780	0.048780	0.051829	0.048780	0.048780	0.051829	0.054878	0.048780	0.048780	0.064024	0.060976	0.204268	0.048780	0.048780	0.211180	0.051829	0.060976	0.189024	0.154839	0.182927	0.179878	0.167702	0.064024	0.070122	0.064024	0.064024	0.060976	0.048780	0.064024	0.051829	0.057927	0.048780	0.048780	0.048780	0.048780	0.048780	0.048780	0.048780	0.051829	0.048780	0.048780	0.057927	0.048780	0.060976	0.049080	0.048780	0.060976	0.048780	0.048780	0.060976	0.057927	0.048780	0.048780	0.054878	0.054878	0.048780	0.051829	0.054878	0.048780	0.054878	0.054878	0.048780	0.048780	0.048780	0.048780	0.048780	0.051829	0.048780	0.048780	0.048780	0.048780	0.048780	0.048780	0.176829	0.048780	0.060976	0.051829	0.048780	0.054878	0.048780	0.049080	0.048780	0.051829	0.064024	0.054878	0.048780	0.189189	0.048780	0.048780	0.051829	0.015723	0.175926	0.097561	0.057927	0.055215	0.070988	0.022581	0.055901	0.060976	0.073171	0.103659	0.156250	0.132911	0.094512	0.064024
S019        	0.459459	0.468750	0.027439	0.018293	0.024390	0.018293	0.030488	0.210366	0.021341	0.027439	0.052469	0.043478	0.140625	0.033537	0.043478	0.076220	0.021341	0.049689	0.030488	0.042683	0.000000	0.024390	0.046875	0.024390	0.054839	0.018293	0.021341	0.051829	0.161585	0.018293	0.030488	0.024390	0.024390	0.021341	0.024390	0.018293	0.018293	0.018293	0.155488	0.165644	0.021341	0.042683	0.030488	0.060976	0.021341	0.027439	0.018293	0.024540	0.027439	0.018293	0.024540	0.024691	0.027439	0.024390	0.021472	0.024390	0.024390	0.024390	0.025157	0.021341	0.021341	0.021341	0.018293	0.034161	0.036585	0.046584	0.018293	0.024390	0.018293	0.021472	0.043478	0.018293	0.018293	0.018293	0.184049	0.185065	0.180380	0.024390	0.024390	0.182927	0.131902	0.027439	0.039634	0.024390	0.024390	0.027439	0.018293	0.018293	0.021341	0.018293	0.018293	0.021341	0.024390	0.018293	0.018293	0.070122	0.030488	0.185976	0.018293	0.018293	0.192547	0.021341	0.042683	0.170732	0.141935	0.164634	0.161585	0.149068	0.033537	0.039634	0.033537	0.027439	0.024390	0.018293	0.033537	0.021341	0.027439	0.018293	0.018293	0.018293	0.018293	0.018293	0.018293	0.018293	0.021341	0.018293	0.018293	0.027439	0.018293	0.030488	0.015337	0.018293	0.030488	0.018293	0.018293	0.030488	0.027439	0.018293	0.018293	0.024390	0.024390	0.018293	0.015244	0.024390	0.018293	0.024390	0.024390	0.018293	0.018293	0.018293	0.018293	0.018293	0.021341	0.018293	0.018293	0.018293	0.018293	0.018293	0.018293	0.158537	0.018293	0.030488	0.021341	0.018293	0.024390	0.018293	0.018405	0.018293	0.021341	0.033537	0.024390	0.018293	0.175676	0.018293	0.018293	0.021341	0.053459	0.157407	0.067073	0.027439	0.024540	0.040123	0.061290	0.062112	0.030488	0.036585	0.067073	0.137500	0.107595	0.057927	0.033537
S020        	0.466216	0.468750	0.009146	0.006098	0.006098	0.018293	0.018293	0.216463	0.027439	0.027439	0.064815	0.055901	0.146875	0.015244	0.055901	0.076220	0.003049	0.062112	0.012195	0.054878	0.024390	0.000000	0.059375	0.012195	0.074194	0.018293	0.021341	0.064024	0.155488	0.018293	0.030488	0.024390	0.024390	0.021341	0.024390	0.018293	0.018293	0.018293	0.149390	0.159509	0.021341	0.024390	0.030488	0.073171	0.009146	0.015244	0.018293	0.018405	0.009146	0.024390	0.024540	0.024691	0.027439	0.012195	0.021472	0.030488	0.012195	0.018293	0.025157	0.027439	0.021341	0.021341	0.018293	0.040373	0.048780	0.059006	0.018293	0.030488	0.018293	0.021472	0.062112	0.018293	0.018293	0.018293	0.177914	0.178571	0.186709	0.024390	0.030488	0.189024	0.138037	0.009146	0.027439	0.024390	0.024390	0.015244	0.018293	0.018293	0.021341	0.018293	0.018293	0.021341	0.024390	0.018293	0.018293	0.082317	0.030488	0.192073	0.018293	0.018293	0.198758	0.003049	0.042683	0.164634	0.148387	0.158537	0.155488	0.155280	0.033537	0.039634	0.033537	0.039634	0.030488	0.018293	0.015244	0.021341	0.027439	0.018293	0.018293	0.018293	0.018293	0.018293	0.018293	0.018293	0.021341	0.018293	0.018293	0.027439	0.018293	0.012195	0.018405	0.018293	0.018293	0.018293	0.018293	0.018293	0.027439	0.018293	0.018293	0.012195	0.024390	0.018293	0.021341	0.012195	0.018293	0.024390	0.024390	0.018293	0.018293	0.018293	0.018293	0.018293	0.021341	0.018293	0.018293	0.018293	0.018293	0.018293	0.018293	0.152439	0.018293	0.030488	0.021341	0.018293	0.024390	0.018293	0.018405	0.018293	0.021341	0.021341	0.024390	0.018293	0.168919	0.018293	0.018293	0.021341	0.066038	0.151235	0.048780	0.009146	0.024540	0.040123	0.074194	0.055901	0.030488	0.036585	0.073171	0.131250	0.094937	0.064024	0.015244
S021        	0.486486	0.437500	0.059375	0.053125	0.056250	0.053125	0.062500	0.228125	0.062500	0.059375	0.012500	0.003125	0.157051	0.068750	0.009375	0.071875	0.056250	0.009375	0.059375	0.003125	0.046875	0.059375	0.000000	0.059375	0.012903	0.053125	0.056250	0.006250	0.184375	0.053125	0.065625	0.059375	0.059375	0.056250	0.059375	0.053125	0.053125	0.053125	0.178125	0.185535	0.056250	0.075000	0.062500	0.018750	0.053125	0.059375	0.053125	0.066038	0.062500	0.059375	0.059375	0.059375	0.062500	0.065625	0.056250	0.065625	0.062500	0.062500	0.059748	0.062500	0.056250	0.056250	0.053125	0.031250	0.034375	0.012500	0.053125	0.040625	0.053125	0.056604	0.003125	0.053125	0.053125	0.053125	0.213836	0.213333	0.201299	0.065625	0.065625	0.206250	0.128125	0.062500	0.037500	0.059375	0.059375	0.059375	0.053125	0.053125	0.056250	0.053125	0.053125	0.056250	0.059375	0.053125	0.053125	0.065625	0.062500	0.206250	0.053125	0.053125	0.216561	0.056250	0.062500	0.193750	0.162252	0.187500	0.184375	0.175159	0.068750	0.075000	0.068750	0.065625	0.065625	0.053125	0.065625	0.056250	0.059375	0.053125	0.053125	0.053125	0.053125	0.053125	0.053125	0.053125	0.056250	0.053125	0.053125	0.062500	0.053125	0.065625	0.053459	0.053125	0.062500	0.053125	0.053125	0.062500	0.062500	0.053125	0.053125	0.059375	0.059375	0.053125	0.056250	0.059375	0.053125	0.059375	0.056250	0.053125	0.053125	0.053125	0.053125	0.053125	0.056250	0.053125	0.053125	0.053125	0.053125	0.053125	0.053125	0.181250	0.053125	0.065625	0.056250	0.053125	0.059375	0.053125	0.053459	0.053125	0.056250	0.065625	0.059375	0.053125	0.187500	0.053125	0.053125	0.056250	0.018868	0.180380	0.100000	0.062500	0.059375	0.075472	0.025806	0.060510	0.065625	0.078125	0.109375	0.156051	0.138710	0.100000	0.062500
